47
49
45
47
37
41
43
39
37
41
43
39
37
41
43
39
37
41
43
39
37
41
43
39
37
41
43
39
37
41
43
39
37
41
43
39
37
41
43
39
37
41
43
39
37
41
43
39
37
41
43
39
37
41
43
39
37
41
43
39
37
41
43
39
37
41
43
39
36
38
40
42
36
38
40
42
36
38
40
42
36
38
40
42
36
38
40
42
36
38
40
42
36
38
40
42
36
38
40
42
36
38
40
42
36
38
40
42
36
38
40
42
36
38
40
42
36
38
40
42
36
38
40
42
36
38
40
42
36
38
40
42
44
46
48
44
44
44
45
44
44
46
44
48
48
48
53
55
57
59
61
50
58
50
50
51
50
50
60
54
58
56
52
50
58
58
48
49
53
55
57
59
61
50
58
50
50
51
50
50
60
54
58
56
52
50
58
58
48
44
46
44
48
50
60
54
58
56
52
50
58
50
60
54
58
56
52
50
58
44
44
46
50
50
60
54
58
56
52
50
50
60
54
58
56
52
44
46
50
60
54
58
56
52
50
60
54
58
56
52
93
94
81
95
80
44
58
58
48
44
58
44
58
47
49
44
44
44
45
44
44
46
44
48
48
48
53
55
57
59
61
50
58
50
50
51
50
50
60
54
58
56
52
50
58
58
53
55
57
59
61
50
58
50
50
51
50
50
60
54
58
56
52
50
58
58
44
46
44
48
50
60
54
58
56
52
50
58
50
60
54
58
56
52
50
58
44
44
46
50
50
60
54
58
56
52
50
50
60
54
58
56
52
44
46
50
60
54
58
56
52
50
60
54
58
56
52
99
100
81
101
82
80
58
58
47
49
44
44
44
45
44
44
46
44
48
48
48
53
55
57
59
61
50
58
50
50
51
50
50
60
54
58
56
52
50
58
58
53
55
57
59
61
50
58
50
50
51
50
50
60
54
58
56
52
50
58
58
44
46
44
48
50
60
54
58
56
52
50
58
50
60
54
58
56
52
50
58
44
44
46
50
50
60
54
58
56
52
50
50
60
54
58
56
52
44
46
50
60
54
58
56
52
50
60
54
58
56
52
99
100
81
103
82
80
63
65
67
69
71
66
47
49
44
44
44
45
44
44
46
44
48
48
48
53
55
57
59
61
50
58
50
50
51
50
50
60
54
58
56
52
50
58
58
53
55
57
59
61
50
58
50
50
51
50
50
60
54
58
56
52
50
58
58
44
46
44
48
50
60
54
58
56
52
50
58
50
60
54
58
56
52
50
58
44
44
46
50
50
60
54
58
56
52
50
50
60
54
58
56
52
44
46
50
60
54
58
56
52
50
60
54
58
56
52
99
100
81
102
82
80
52
52
35
14
15
16
17
26
124
125
123
37
41
43
39
126
128
122
127
129
37
41
43
39
37
41
43
39
132
134
122
130
131
38
130
131
38
133
135
42
41
43
39
136
140
138
142
122
139
143
36
150
151
145
152
147
153
149
59
154
156
146
155
157
63
65
67
69
71
158
160
146
159
161
62
